10 1 99.70607841948973
10 6 89.91034490093271
10 11 73.36707667444784
10 16 56.6929414702001
10 21 46.3158160814944
10 26 33.387448083661404
10 31 26.303039094799445
10 36 22.856920320897267
10 41 15.496996640309499
10 46 13.934868825292792
20 1 99.71304435687583
20 6 94.26072522982636
20 11 83.03898812527332
20 16 69.97514479051459
20 21 63.52497405128984
20 26 50.28357946316174
20 31 41.43807752658802
20 36 37.178491550695824
20 41 28.895502083156195
20 46 23.789102385593612
30 1 99.872634643377
30 6 94.839651077336
30 11 87.1589247553706
30 16 79.06832741908595
30 21 71.4701619509736
30 26 63.094389367912726
30 31 54.98869827286427
30 36 49.93756828468862
30 41 40.474215986596036
30 46 33.400245344039256
40 1 99.9909129460229
40 6 96.35302621229192
40 11 91.31575406968922
40 16 85.15177838333116
40 21 78.43092608756152
40 26 70.8783409266044
40 31 63.057490910671085
40 36 54.839263957012086
40 41 47.48445833474879
40 46 41.138452966849286
50 1 99.89094764477206
50 6 96.961249547805
50 11 93.27293776483944
50 16 87.83822374527023
50 21 82.3980949003116
50 26 77.29184984781874
50 31 69.20960298164135
50 36 62.784648453319214
50 41 55.19352759591574
50 46 49.86050663988394
